61
0 0 0 0 0 0 0 0 0 0 0 0
0 -0.005 0 0 0 0 0 0 4 -4 -4 0
0 -0.010 0 0 0 0 0 0 8 -8 -8 0
0 -0.015 0 0 0 0 0 0 12 -12 -12 0
0 -0.020 0 0 0 0 0 0 16 -16 -16 0
0 -0.025 0 0 0 0 0 0 20 -20 -20 0
0 -0.030 0 0 0 0 0 0 24 -24 -24 0
0 -0.035 0 0 0 0 0 0 28 -28 -28 0
0 -0.040 0 0 0 0 0 0 32 -32 -32 0
0 -0.045 0 0 0 0 0 0 36 -36 -36 0
0 -0.050 0 0 0 0 0 0 40 -40 -40 0
0 -0.053 0 0 0 0 -5 5 41 -41 -36 0
0 -0.056 0 0 0 0 -10 10 42 -42 -32 0
0 -0.059 0 0 0 0 -15 15 43 -43 -28 0
0 -0.062 0 0 0 0 -20 20 44 -44 -24 0
0 -0.065 0 0 0 0 -25 25 45 -45 -20 0
0 -0.068 0 0 0 0 -30 30 46 -46 -16 0
0 -0.071 0 0 0 0 -35 35 47 -47 -12 0
0 -0.074 0 0 0 0 -40 40 48 -48 -8 0
0 -0.077 0 0 0 0 -45 45 49 -49 -4 0
0 -0.080 0 0 0 0 -50 50 50 -50 0 0
0 -0.080 0 0 0 0 -50 50 50 -50 0 9
0 -0.080 0 0 0 0 -50 50 50 -50 0 18
0 -0.080 0 0 0 0 -50 50 50 -50 0 27
0 -0.080 0 0 0 0 -50 50 50 -50 0 36
0 -0.080 0 0 0 0 -50 50 50 -50 0 45
0 -0.080 0 0 0 0 -50 50 50 -50 0 54
0 -0.080 0 0 0 0 -50 50 50 -50 0 63
0 -0.080 0 0 0 0 -50 50 50 -50 0 72
0 -0.080 0 0 0 0 -50 50 50 -50 0 81
0 -0.080 0 0 0 0 -50 50 50 -50 0 90
0 -0.080 0 0 0 0 -50 50 50 -50 0 81
0 -0.080 0 0 0 0 -50 50 50 -50 0 72
0 -0.080 0 0 0 0 -50 50 50 -50 0 63
0 -0.080 0 0 0 0 -50 50 50 -50 0 54
0 -0.080 0 0 0 0 -50 50 50 -50 0 45
0 -0.080 0 0 0 0 -50 50 50 -50 0 36
0 -0.080 0 0 0 0 -50 50 50 -50 0 27
0 -0.080 0 0 0 0 -50 50 50 -50 0 18
0 -0.080 0 0 0 0 -50 50 50 -50 0 9
0 -0.080 0 0 0 0 -50 50 50 -50 0 0
0 -0.072 0 0 0 0 -45 45 45 -45 0 0
0 -0.064 0 0 0 0 -40 40 40 -40 0 0
0 -0.056 0 0 0 0 -35 35 35 -35 0 0
0 -0.048 0 0 0 0 -30 30 30 -30 0 0
0 -0.040 0 0 0 0 -25 25 25 -25 0 0
0 -0.032 0 0 0 0 -20 20 20 -20 0 0
0 -0.024 0 0 0 0 -15 15 15 -15 0 0
0 -0.016 0 0 0 0 -10 10 10 -10 0 0
0 -0.008 0 0 0 0 -5 5 5 -5 0 0
0 0 0 0 0 0 0 0 0 0 0 0
0 0 0 0 1 2 -6.5 0 0 0 0 0
0 0 0 0 2 4 -13.0 0 0 0 0 0
0 0 0 0 3 6 -19.5 0 0 0 0 0
0 0 0 0 4 8 -26.0 0 0 0 0 0
0 0 0 0 5 10 -32.5 0 0 0 0 0
0 0 0 0 6 12 -39.0 0 0 0 0 0
0 0 0 0 7 14 -45.5 0 0 0 0 0
0 0 0 0 8 16 -52.0 0 0 0 0 0
0 0 0 0 9 18 -58.5 0 0 0 0 0
0 0 0 0 10 20 -65.0 0 0 0 0 0